0 
0 
0 
0 
0 
0 
0 
0 
0 
0 
0 
0 
0 
0 
0 
0 
0 
0 
0 
0 
0 
0 
0 
0 
0 
0 
0 
0 
0 
0 
0 
0 
0 
0 
0 
0 
0 
2 
3 
0 
0 
0 
0 
0 
0 
0 
0 
0 
0 
0 
0 
0 
0 
0 
0 
0 
0 
0 
0 
0 
0 
0 
0 
0 
0 
0 
0 
0 
0 
0 
0 
0 
0 
0 
0 
-1757214971 
-1316904053 
-1239952789 
-705214235 
1574083795 
-1372188475 
1602669455 
-1969337783 
-1642151317 
-177353575 
-74232989 
-2093330863 
1760258007 
921602577 
1722449475 
1128764765 
278867757 
1121074145 
-128363763 
-1336183153 
1153727855 
-1073273425 
356180825 
-853282061 
-215804561 
-2074860591 
-1342492951 
-1815832075 
1347906639 
-1685594177 
-177061615 
537771437 
1713355083 
-1396826289 
-168210219 
-1020671281 
-322847531 
0 
0 
0 
0 
0 
0 
0 
0 
0 
0 
0 
0 
0 
0 
0 
0 
0 
0 
0 
0 
0 
0 
0 
0 
0 
0 
0 
0 
0 
0 
0 
0 
0 
0 
0 
0 
0 
